23 12 44 55
45 55 11 67
12 23 11 44
44 33 67 34
56 12 34 41
77 56 14 51
87 55 62 34
12 12 85 43
123 124 77 23
5 43 144 12
61 1 2 44
44 33 44 55
78 55 62 77
12 23 12 12
44 42 67 43
58 78 53 55
12 32 44 55
86 12 64 12
23 89 90 90
65 53 23 12
23 12 44 43
45 55 11 23
12 23 11 54
44 33 67 65
23 12 44 55
45 55 11 67
12 23 11 44
44 33 67 34
56 12 34 41
77 56 14 51
87 55 62 34
12 12 85 43
123 124 77 23
5 43 144 12
61 1 2 44
44 33 44 55
78 55 62 77
12 23 12 12
44 42 67 43
58 78 53 55
12 32 44 55
86 12 64 12
23 89 90 90
65 53 23 12
23 12 44 43
45 55 11 23
12 23 11 54
44 33 67 65
23 12 44 55
45 55 11 67
12 23 11 44
44 33 67 34
56 12 34 41
77 56 14 51
87 55 62 34
12 12 85 43
123 124 77 23
5 43 144 12
61 1 2 44
44 33 44 55
78 55 62 77
12 23 12 12
44 42 67 43
58 78 53 55
12 32 44 55
86 12 64 12
23 89 90 90
65 53 23 12
23 12 44 43
45 55 11 23
12 23 11 54
44 33 67 65