6 3 3 1 1 1 1 10 12 13 13 12 10 15 60 40 30
6 3 3 1 1 1 1 14 41 25 16 34 31 22 55 78 12
6 3 3 1 1 1 1 10 41 56 33 41 67 84 32 16 73
6 3 3 1 1 1 1 10 12 13 13 12 10 15 60 40 30
6 3 3 1 1 1 1 14 41 25 16 34 31 22 55 78 12
6 3 3 1 1 1 1 10 41 56 33 41 67 84 32 16 73
6 3 3 1 1 1 1 10 12 13 13 12 10 15 60 40 30
6 3 3 1 1 1 1 14 41 25 16 34 31 22 55 78 12
6 3 3 1 1 1 1 10 41 56 33 41 67 84 32 16 73
6 3 3 1 1 1 1 10 12 13 13 12 10 15 60 40 30
6 3 3 1 1 1 1 14 41 25 16 34 31 22 55 78 12
6 3 3 1 1 1 1 10 41 56 33 41 67 84 32 16 73
6 3 3 1 1 1 1 10 12 13 13 12 10 15 60 40 30
6 3 3 1 1 1 1 14 41 25 16 34 31 22 55 78 12
6 3 3 1 1 1 1 10 41 56 33 41 67 84 32 16 73
6 3 3 1 1 1 1 10 12 13 13 12 10 15 60 40 30
6 3 3 1 1 1 1 14 41 25 16 34 31 22 55 78 12
6 3 3 1 1 1 1 10 41 56 33 41 67 84 32 16 73
6 3 3 1 1 1 1 10 12 13 13 12 10 15 60 40 30
6 3 3 1 1 1 1 14 41 25 16 34 31 22 55 78 12
6 3 3 1 1 1 1 10 41 56 33 41 67 84 32 16 73
6 3 3 1 1 1 1 10 12 13 13 12 10 15 60 40 30
6 3 3 1 1 1 1 14 41 25 16 34 31 22 55 78 12
6 3 3 1 1 1 1 10 41 56 33 41 67 84 32 16 73
