2 94 14 94 60 87 96 52 75 53
2 55 28 43 68 29 8 60 65 76
1 92 92
2 36 1 98 33 58 70 23 78 72
0 45
2 98 1 60 42 70 29 38 32 35
0 12
1 15 26
1 32 35
0 64
2 30 4 60 72 60 75 12 81 45
0 4
2 4 52 13 49 35 77 92 2 78
1 81 31
2 90 85 86 85 84 44 63 95 24
0 35
1 37 74
0 100
2 57 45 58 75 56 23 53 9 18
0 59
1 93 85
1 26 12
1 72 84
2 28 15 44 30 9 90 19 66 26
2 34 76 88 37 65 91 21 76 35
0 40
0 63
0 31
1 4 12
0 67
0 43
2 17 65 23 1 86 36 74 93 71
1 29 20
2 87 81 69 63 98 4 5 35 51
1 78 9
2 75 35 14 12 17 28 73 42 17
1 59 67
0 51
0 71
0 53
2 33 78 53 62 30 72 49 11 47
0 16
1 48 33
0 93
2 99 41 2 33 47 17 53 88 56
2 86 74 16 76 78 41 43 69 63
1 31 46
0 90
2 52 23 34 15 43 63 90 68 43
0 95
0 63
2 49 27 92 90 35 83 80 86 62
0 71
0 59
0 51
0 86
2 31 14 48 23 35 100 95 39 35
2 74 71 35 8 26 86 84 82 36
0 92
0 53
0 99
0 0
1 53 21
2 80 26 25 47 90 3 21 41 3
1 60 57
1 16 25
2 62 83 21 91 91 80 67 22 62
1 73 74
1 14 47
1 4 73
1 99 79
0 0
2 69 36 50 64 88 38 58 13 42
1 61 70
2 91 63 75 68 93 40 65 26 66
1 98 59
1 92 13
0 35
2 39 63 69 62 45 42 66 52 97
1 73 30
0 15
1 62 42
1 79 24
1 32 41
2 40 94 59 99 28 81 55 60 55
0 52
1 4 13
0 24
2 70 80 7 12 84 85 28 97 4
2 37 51 95 88 45 49 34 17 85
0 52
2 90 43 84 10 43 32 66 74 37
2 66 60 75 52 19 82 86 88 95
0 7
0 4
2 6 87 47 100 99 8 96 91 26
0 55
0 82
2 62 87 83 11 94 76 74 10 5
2 45 1 47 41 54 28 32 45 29
